Start,PAC,SWA,SEA,SEE,IND,CHN,LEV,EAF,IRN,SWE,JSK,NAF,CEA,WAF,EAS,EAE,RUS,SAF,GLF,CAS,CEE,NOE,BRI,USA,CAN,ANZ
PAC,40.0,21.9190956,18.3197727,12.7122174,6.15568189999999,5.209792,12.0683056,10.4901865,8.8531312,17.5660657,6.61297459999999,14.8749497,15.651428,17.2589376,3.804283,17.7368353,22.6016368,11.1864205,9.46285659999999,15.9599627,17.7124122,20.0610286,17.6511666,23.2972861,20.7547665,8.8347629
SWA,21.9190956,40.0,9.6577903,14.286289,21.1515555,18.0187756,15.1830521,17.2155481,20.4127378,11.9851063,16.3147682,11.8431093,7.5614636,14.1158071999999,22.0532526,13.1497364,15.7992564,14.4371871,21.0224631999999,17.4874823,12.1314528,13.2586482,12.0701932,5.9734247,7.6372771,16.037766
SEA,18.3197727,9.6577903,40.0,11.1402121,14.9466336,20.6689917,12.0369752,10.9347631999999,15.3548369,9.8520534,22.0721743,8.6970324,14.0909336999999,7.6459083,18.4817607,11.2716425,14.8533905,8.1564022,15.9645623,14.3414054,9.9983999,12.3127823,9.9371543,10.2714198,9.5555202,18.5521821
SEE,12.7122174,14.286289,11.1402121,40.0,7.5036763,14.8336724,1.4564029,8.0460329,6.76485859999999,5.4922581,16.30745,2.8011421,16.8644804,10.1386039999999,12.3633334,5.4573707,10.5278292,10.1218169,7.374584,3.3977591,5.6386046,7.987221,5.577359,11.8774545,8.6809589,17.7448833
IND,6.15568189999999,21.1515555,14.9466336,7.5036763,40.0,8.2771369,6.8597645,5.8043954,3.5546061,12.3575246,9.7509145,9.6664086,18.9465368999999,13.8857985,5.80679789999999,12.5282942,17.3930957,7.5826894,4.1643315,10.7514216,12.5038711,14.8524874999999,12.4426255,18.742721,15.5462253999999,11.2558668
CHN,5.209792,18.0187756,20.6689917,14.8336724,8.2771369,40.0,14.1897606,12.8394055,10.9745862,19.6875207,2.4116696,16.9964047,11.324148,19.6081565999999,4.609234,19.8582903,22.0058928,13.5356395,11.5843116,18.0814177,19.8338672,22.1824836,19.7726215999999,19.0554581,20.7193105,8.6376774
LEV,12.0683056,15.1830521,12.0369752,1.4564029,6.8597645,14.1897606,40.0,7.4021211,6.1209468,6.3890212,15.6635382,3.6979052,17.7612435,11.0353671,11.7194216,6.4810208,11.4245923,9.4779051,6.7306722,4.7041482,6.5353677,8.8839841,6.4741221,12.7742176,9.577722,17.1009715
EAF,10.4901865,17.2155481,10.9347631999999,8.0460329,5.8043954,12.8394055,7.4021211,40.0,5.9151087,12.8998812,14.2425881,10.2087652,22.4396955,9.87392809999999,10.3798105,13.0706508,17.9354523,3.570819,6.5248341,11.2937782,13.0462277,15.3948441,12.9849821,18.6201816,16.088582,14.6168564
IRN,8.8531312,20.4127378,15.3548369,6.76485859999999,3.5546061,10.9745862,6.1209468,5.9151087,40.0,11.6187069,12.4483638,8.9275909,21.6439862,14.2940018,8.5042472,11.7894765,16.6542779999999,7.9908927,1.3111368,10.0126039,11.7650534,14.1136698,11.7038078,18.0039033,14.8074077,13.9533161
SWE,17.5660657,11.9851063,9.8520534,5.4922581,12.3575246,19.6875207,6.3890212,12.8998812,11.6187069,40.0,21.1612983,3.0490784,14.5632977,8.9599613,17.2171817,1.5692415,5.2892965,13.3053081999999,12.2284323,8.6934514,0.2916469,2.7486883,0.2799963,9.1848488,5.6147922,22.5987316
JSK,6.61297459999999,16.3147682,22.0721743,16.30745,9.7509145,2.4116696,15.6635382,14.2425881,12.4483638,21.1612983,40.0,18.4701823,9.6326976,21.0113392,6.2066146,21.3320679,20.5090104,14.9388221,13.0580892,19.5551953,21.3076448,22.0201482,21.2463992,17.3514507,19.0153031,8.102188
NAF,14.8749497,11.8431093,8.6970324,2.8011421,9.6664086,16.9964047,3.6979052,10.2087652,8.9275909,3.0490784,18.4701823,40.0,14.4213007,7.6954243,14.5260657,4.4686675,8.0846495,12.0407712,9.5373163,6.0023354,3.1954249,5.5440413,3.1341793,9.43427479999999,6.2377792,19.9076156
CEA,15.651428,7.5614636,14.0909336999999,16.8644804,18.9465368999999,11.324148,17.7612435,22.4396955,21.6439862,14.5632977,9.6326976,14.4213007,40.0,16.6939986,15.374003,15.7279278,18.3774478,19.6613345,22.2537116,20.0656737,14.7096442,15.8368396,14.6483846,8.55161609999999,10.2154685,13.1488204
WAF,17.2589376,14.1158071999999,7.6459083,10.1386039999999,13.8857985,19.6081565999999,11.0353671,9.87392809999999,14.2940018,8.9599613,21.0113392,7.6954243,16.6939986,40.0,17.4209256,10.3795504,13.9734014,7.0955671,14.9037272,13.3397973,9.1063078,11.4327932,9.0450622,12.5653407,10.3571101,19.129464
EAS,3.804283,22.0532526,18.4817607,12.3633334,5.80679789999999,4.609234,11.7194216,10.3798105,8.5042472,17.2171817,6.2066146,14.5260657,15.374003,17.4209256,40.0,17.3879513,22.2527528,11.3484085,9.11397259999999,15.6110787,17.3635282,19.7121446,17.3022825999999,23.1053131,20.4058825,9.1814289
EAE,17.7368353,13.1497364,11.2716425,5.4573707,12.5282942,19.8582903,6.4810208,13.0706508,11.7894765,1.5692415,21.3320679,4.4686675,15.7279278,10.3795504,17.3879513,40.0,5.27685059999999,14.7248973,12.3992019,8.658564,1.401625,2.7362424,1.6245284,10.0622559,6.4139163,22.7695012
RUS,22.6016368,15.7992564,14.8533905,10.5278292,17.3930957,22.0058928,11.4245923,17.9354523,16.6542779999999,5.2892965,20.5090104,8.0846495,18.3774478,13.9734014,22.2527528,5.27685059999999,40.0,18.3187483,17.2640034,13.7290225,5.18408299999999,2.73169639999999,5.3317374,12.6575389,9.0091993,27.4513352
SAF,11.1864205,14.4371871,8.1564022,10.1218169,7.5826894,13.5356395,9.4779051,3.570819,7.9908927,13.3053081999999,14.9388221,12.0407712,19.6613345,7.0955671,11.3484085,14.7248973,18.3187483,40.0,8.6006181,13.3695622,13.4516546999999,15.7781401,13.3904091,15.8418206,14.488403,13.6873199
GLF,9.46285659999999,21.0224631999999,15.9645623,7.374584,4.1643315,11.5843116,6.7306722,6.5248341,1.3111368,12.2284323,13.0580892,9.5373163,22.2537116,14.9037272,9.11397259999999,12.3992019,17.2640034,8.6006181,40.0,10.6223293,12.3747788,14.7233952,12.3135332,18.6136287,15.4171331,14.5630414999999
CAS,15.9599627,17.4874823,14.3414054,3.3977591,10.7514216,18.0814177,4.7041482,11.2937782,10.0126039,8.6934514,19.5551953,6.0023354,20.0656737,13.3397973,15.6110787,8.658564,13.7290225,13.3695622,10.6223293,40.0,8.83979789999999,11.1884143,8.7785523,15.0786478,11.8821522,20.9926286
CEE,17.7124122,12.1314528,9.9983999,5.6386046,12.5038711,19.8338672,6.5353677,13.0462277,11.7650534,0.2916469,21.3076448,3.1954249,14.7096442,9.1063078,17.3635282,1.401625,5.18408299999999,13.4516546999999,12.3747788,8.83979789999999,40.0,2.6434748,0.3669448,9.3311953,5.7611387,22.7450781
NOE,20.0610286,13.2586482,12.3127823,7.987221,14.8524874999999,22.1824836,8.8839841,15.3948441,14.1136698,2.7486883,22.0201482,5.5440413,15.8368396,11.4327932,19.7121446,2.7362424,2.73169639999999,15.7781401,14.7233952,11.1884143,2.6434748,40.0,2.7911292,10.1169307,6.46859109999999,25.0936945
BRI,17.6511666,12.0701932,9.9371543,5.577359,12.4426255,19.7726215999999,6.4741221,12.9849821,11.7038078,0.2799963,21.2463992,3.1341793,14.6483846,9.0450622,17.3022825999999,1.6245284,5.3317374,13.3904091,12.3135332,8.7785523,0.3669448,2.7911292,40.0,9.2699357,5.6998791,22.6838325
USA,23.2972861,5.9734247,10.2714198,11.8774545,18.742721,19.0554581,12.7742176,18.6201816,18.0039033,9.1848488,17.3514507,9.43427479999999,8.55161609999999,12.5653407,23.1053131,10.0622559,12.6575389,15.8418206,18.6136287,15.0786478,9.3311953,10.1169307,9.2699357,40.0,4.4640766,18.6303135
CAN,20.7547665,7.6372771,9.5555202,8.6809589,15.5462253999999,20.7193105,9.577722,16.088582,14.8074077,5.6147922,19.0153031,6.2377792,10.2154685,10.3571101,20.4058825,6.4139163,9.0091993,14.488403,15.4171331,11.8821522,5.7611387,6.46859109999999,5.6998791,4.4640766,40.0,20.2941659
ANZ,8.8347629,16.037766,18.5521821,17.7448833,11.2558668,8.6376774,17.1009715,14.6168564,13.9533161,22.5987316,8.102188,19.9076156,13.1488204,19.129464,9.1814289,22.7695012,27.4513352,13.6873199,14.5630414999999,20.9926286,22.7450781,25.0936945,22.6838325,18.6303135,20.2941659,40.0
